optimal_status: 0
solution: 69198.0
cpu_time: 3600.2924461364746
gap: 0.9671953923990948
upper_bound: 2270.0132367674432
lower_bound: 69198.0
