optimal_status: 0
solution: 74922.99999892735
cpu_time: 3600.2857739925385
gap: 0.9698374603779732
upper_bound: 2259.86795606876
lower_bound: 74922.99999892735
